20481
19458
24578
12291
19459
19464
16395
24588
19470
19471
3095
16408
24601
3100
3101
3104
20513
16419
20515
16426
24619
19501
16431
19503
19505
16436
1077
20533
1079
16442
24635
16447
1088
20548
16456
19528
3145
1098
16459
3148
20557
16462
16472
19550
1121
19554
24677
1127
19559
3176
19560
3177
8299
16493
19567
3190
19575
11389
11390
11396
1165
19597
19602
3222
19607
20634
11419
20635
3230
19617
20643
15525
19626
20650
15533
15538
3256
1210
15548
25791
3267
1224
19660
20684
25804
20685
25806
3279
15570
17618
3286
17622
17625
17629
25821
25822
3297
10467
10468
15588
1255
17639
17647
17651
3319
10493
25853
17662
25854
15615
17665
17666
18690
3331
17668
15623
17680
17681
3347
3350
8471
8473
25881
3354
25882
15645
3359
8479
17698
3363
25892
17702
10535
1322
17709
10542
19767
15672
17724
16701
3394
24901
24902
24905
3405
15693
16717
17746
18770
17747
15701
17749
10582
16732
17759
3425
17761
25958
16744
1385
17770
24941
3438
17775
19823
8560
8561
1395
8563
3445
10615
24953
20859
3452
19836
23932
10621
23933
24959
3460
1413
24966
19847
3464
10632
16776
24970
3467
15758
19855
3474
3475
15764
24984
3481
20890
3483
19868
3486
10658
15786
25003
3505
15793
16819
16820
25012
25014
1465
3513
3515
15803
20926
16831
1475
18887
3531
24013
15825
24017
10707
15831
24024
19929
19930
24026
10719
15842
25061
1510
1511
1512
10736
20976
1526
25078
25080
20986
20988
10753
20997
10763
24079
19984
15891
10775
25112
25115
25116
25118
19999
1568
20001
25122
16933
20005
17963
25132
25133
25134
17967
25136
25141
10806
25142
20023
17977
25145
10811
24125
24127
25154
25155
20040
1609
20041
20045
25168
10834
14931
18004
24150
10839
18007
25177
14938
10844
20061
18014
20063
20065
25189
25191
20077
18032
18033
1652
18036
1653
10870
18040
18045
25216
20101
25221
18056
25225
25226
21132
18061
25231
14992
25232
17047
18071
20119
21146
1692
15006
1708
20146
18104
25274
18111
20164
18118
18130
18133
18142
25313
20195
18154
18155
25327
24306
18164
24310
24322
15108
18180
18182
18184
25354
25355
24334
24335
20242
25363
18200
24347
18204
18206
18208
18212
18214
18218
18221
18223
18227
24371
18232
18234
18235
25406
18239
18244
18246
25415
18248
18249
25417
18250
18251
20299
18252
18253
18257
18258
18259
25429
18265
20316
18273
24419
18276
18277
18280
18281
24426
25451
18286
18287
24431
18289
18290
18293
18294
24446
18303
25475
16260
16261
18309
25477
16262
25479
18320
18323
20371
18324
16278
18326
18327
18329
24474
16283
18332
25502
12192
18339
18341
18343
18347
18348
16303
18354
18355
18359
16315
24511
16320
18368
24520
16331
18379
18382
17360
20433
18396
24543
18400
16354
12259
18404
12272
12274
16370
24565
16375
16377
24572
16383
24575
