19459
19464
19466
24588
10765
25101
24594
24597
24601
24090
25115
16412
25118
8226
24610
20515
1576
25132
25133
25134
19504
21043
20533
3126
1080
24635
24131
24644
16456
1609
3145
20041
24649
20049
24156
3171
1125
24677
19559
25191
20072
18026
1652
20090
19584
25216
20612
25229
19604
3222
3223
15520
19617
15533
20146
25267
1205
3256
25274
15548
3261
25791
18114
3267
18633
20683
20684
25804
18126
25812
17621
20694
17625
17628
18140
17629
3297
10467
10468
22249
25327
17651
24311
17665
17666
15108
25861
22281
25354
24335
17680
10513
17681
3347
24339
3350
24347
25883
10526
17694
22302
3363
20259
17700
18214
24358
3367
17703
19753
10539
18223
10546
17718
19767
17209
18234
18235
18239
25407
25921
17730
18244
3399
25417
18252
25420
18253
25422
1359
24401
18258
10585
18265
15707
16731
24411
24413
3425
10593
22369
24419
24425
22378
24426
3439
17775
18287
3440
8560
8561
25458
22388
3445
18293
18294
25462
24953
24443
3452
24446
24960
24450
25475
3460
24452
25477
24966
24969
3474
15764
24980
16278
24984
18331
18332
16802
10660
25001
25003
18348
23981
19886
18352
18354
10675
18355
25011
3517
16829
24511
16320
24514
20936
25033
24522
18379
8652
18382
24014
17360
24017
15831
24026
18404
24046
10736
8692
25080
20986
24571
