20481
19458
24578
19459
16389
19462
16391
19464
24585
24588
19470
19472
16405
24597
24598
16408
24601
19482
3100
3104
20513
8226
24612
16426
24619
3118
16431
19507
1076
3126
1079
24635
19517
1088
20548
1097
24649
1098
16458
3148
11342
16462
16471
1118
1121
19554
3171
1127
19559
3177
8299
19567
3189
20601
11389
11390
3199
11396
20612
20614
20617
1165
19597
19600
20628
3222
3223
19607
20631
11419
3230
11428
20644
15525
19625
19626
20651
15533
19635
1205
18614
19639
19641
20665
19642
20669
19647
11456
20672
25793
3267
19653
25799
20683
19660
20685
18638
20689
17618
17619
20691
25812
3286
17622
20694
17625
18649
17626
17627
25819
17628
19676
19680
18657
20706
10467
10468
19685
17638
1255
19688
3307
3308
10476
17647
17648
17649
17654
17655
10488
19706
19708
25853
17662
15615
19713
17666
3331
19715
11524
17668
25861
17676
17678
17680
10513
17681
3346
3347
19731
8471
19736
8473
25882
19740
25885
3358
3359
8479
19746
17700
25892
10535
17703
19751
19753
17706
10539
19755
17708
19759
17712
19760
8500
19764
3382
17718
19766
19767
15672
15675
19772
16701
19773
17730
3399
17737
19786
3405
16717
19792
15701
17749
10582
24919
17753
24922
10587
15707
17755
17757
17759
3425
10593
17761
25958
16744
1385
24937
19819
24941
3440
24944
20849
1395
24952
24953
20859
19836
24960
1413
16774
19847
3464
10632
16776
24970
15758
19855
3474
15764
15767
23960
3481
24985
3483
10655
10660
25000
15786
25002
25003
23981
3507
10675
16819
3508
16820
25014
25015
1465
3513
25018
3515
15803
20926
16831
18887
3531
24013
10707
25048
19929
10719
10720
15842
1510
1511
20976
8692
8696
25080
20986
10753
10755
1549
25101
24079
19985
15891
19991
24088
25115
25116
15902
19999
20001
16933
17960
17962
25132
25134
17967
20019
21043
25142
17975
17977
25145
17978
17983
25154
20039
20040
24141
25169
14931
18004
24150
18009
25177
10844
18014
20065
25189
20070
25191
18027
20077
10862
18032
18033
1650
18035
1652
18036
18040
1660
10878
25216
18051
18053
20101
25221
10886
18055
18056
21130
25226
21132
14992
18071
20119
15000
21146
1692
1708
15027
18111
25285
22215
22221
18130
17109
18133
22234
15069
18142
20196
20197
18154
18155
25327
18162
17139
24309
24310
15095
18168
15097
15101
18173
24320
25345
15106
18180
18181
18182
25351
24329
25354
24331
24335
18193
25363
18202
24347
18204
18208
18210
20259
18212
17193
18218
25386
24363
18221
18223
22319
24369
18227
18230
18232
18234
18235
22334
18239
25407
18244
18246
25415
18248
18249
18250
20298
20299
25420
18257
18258
25426
25429
24411
18268
24413
18271
18273
18277
18280
18281
24425
22378
24426
25451
18286
18287
24431
18288
18289
18290
18294
25462
24446
24450
20355
24451
24452
25477
18310
25479
16267
18320
16274
18323
20371
18324
16277
16278
18326
18327
16280
18329
18333
16290
20386
18339
18341
24485
18342
18343
18347
18355
20405
24511
18368
24514
18374
20422
24520
18379
16332
17360
24528
24531
18389
18396
24543
18400
24544
16353
16354
20450
18404
16362
24556
24563
24564
24565
16375
20473
16380
16383
