25216
3460
15108
20612
24452
24069
25477
10758
24966
24969
24331
24588
10765
18193
3474
24980
17047
3352
18072
25881
19738
25502
18208
24096
24354
10535
25000
10539
17963
25004
25133
3375
18354
17971
21043
8500
25012
1205
1079
3256
18104
17209
16315
16829
17983
24511
25407
24514
24131
10820
3399
18248
24137
18251
25419
18252
25804
24014
25038
25806
8658
20563
18389
24533
18265
16475
16731
17755
18139
25821
15842
20197
10471
24425
10476
16750
25326
25327
3440
15860
18036
3190
25462
24311
15864
25080
24953
24443
24571
10748
24572
10877
