20997
10758
24331
24588
25101
10513
18193
1558
19736
24090
25115
17694
24096
24610
3363
25380
24614
10535
1576
10539
18220
10541
25133
19503
21043
19767
17209
16442
25407
25921
25154
24131
16456
18248
20040
24649
18251
18252
18253
25422
20049
24401
17747
20563
19796
1625
10585
18265
16731
17755
20063
25443
24425
22378
25451
10862
3440
18036
3446
8566
25462
24953
24443
10621
18045
25216
18305
25475
20612
24452
3461
25477
24966
24969
1165
16271
3474
15764
24980
17047
18073
15520
31905
16802
10660
18348
19886
18352
20146
1205
3256
15548
3517
24511
25791
16320
24514
3267
20936
18633
20683
25804
18126
18382
24014
17621
18389
24533
20694
25049
17629
15842
10467
10468
18404
10725
20197
19946
10476
17647
25327
17651
15095
24311
25080
19451
24571
10748
