24576
24578
19459
19464
10761
24585
10763
24588
20500
24597
24598
24601
25115
3100
25116
24605
25118
3104
8226
24610
20515
1576
16426
25132
25133
25134
19504
25136
21043
25140
20533
3126
25142
1079
24119
1080
24635
17983
1088
1089
17985
25154
16456
20040
1609
3145
20041
24649
1098
3148
20557
25168
16472
18020
24677
1127
25191
3177
18027
10862
1650
18036
3189
10870
20090
19581
10878
11390
10883
18051
10886
18056
1164
21132
18061
19599
19602
19604
20628
19605
3222
19606
3223
18071
31897
21146
15517
19617
19619
15533
20146
19635
25267
1205
25791
3267
19653
25285
20683
20684
18126
17621
3286
17622
20694
17625
25819
17628
10467
20195
10468
20711
18155
25327
17651
17654
17655
10488
10489
15101
19711
17666
18690
17668
24325
25861
25354
17676
20236
24335
17680
24336
10513
17681
3347
19731
24339
25363
3350
8473
25882
24347
25883
18204
19740
3358
18206
22302
8479
19745
3363
17700
25892
18214
19750
10535
17703
19753
18218
10539
18220
17709
17712
18227
17718
18232
18234
18235
19774
18239
24895
25407
17730
18244
3399
18248
18250
18252
25420
3405
18257
24401
18258
25426
18260
25429
10585
18265
10587
15707
16731
24411
18268
24413
3425
17761
25441
18277
24422
25958
24425
22378
24426
20332
3439
8560
18288
24944
18289
18290
25458
8563
10611
23925
8566
18294
25462
24952
24953
24443
24446
18303
24960
24450
25475
3460
16260
20356
1413
16261
25477
3462
24966
25479
3464
16776
24970
16267
20364
23948
16785
16274
15764
16278
24984
3481
24985
24474
3483
18332
24990
20383
16802
10660
24485
25002
24491
25003
19886
3507
10675
25011
16820
25018
3517
25022
24511
16320
24520
24522
18379
24013
24014
16336
10707
24531
18389
15831
24026
18396
25054
10719
16353
18404
16360
16370
8692
8696
25080
20986
24571
24575
