20481
19458
24578
19459
19462
19464
24585
16395
24588
19469
19470
19471
19472
16405
24597
24598
16408
24601
19482
31771
16412
24605
3104
20513
8226
24610
16419
16426
19501
3118
3119
16431
19505
19507
1077
19509
3126
1079
1080
16442
19517
1088
1089
20546
20548
24644
24646
16456
1097
3145
24649
1098
16459
3148
20557
11342
20563
19541
16472
18520
1116
1117
16477
1118
18527
18528
19553
1125
18533
24677
1127
19559
19560
3177
8299
19563
18541
1134
19567
19570
3189
3190
18550
19575
20601
11389
11390
3199
3203
11396
20612
20614
20617
1165
19598
19600
19602
19604
20628
3222
19606
3223
20631
20634
1182
3230
15520
19617
19619
20644
19623
19625
19626
15533
19635
1205
20661
18614
19639
3256
19640
19641
20665
1210
19642
15548
20669
1214
19647
25791
20672
3267
25796
19653
20677
25799
1224
18633
20682
19659
20683
20684
25804
20685
18638
25806
20687
1233
20689
15570
17618
18642
17619
20691
25812
17621
3286
17622
20694
17625
18649
20697
17626
17627
25819
17628
19676
17629
25821
20703
18657
20706
10467
20707
10468
15588
19685
17638
1255
10471
20711
19688
19689
17642
3308
17647
17648
17649
17651
17654
3319
17655
10488
10489
15611
19709
25853
17662
15615
17663
19711
17666
19715
11524
17668
17672
17676
17678
10511
19727
17680
17681
3346
3347
19731
3350
25878
8471
3352
19736
8473
25881
3354
10522
19738
25883
19740
25885
3358
10526
17694
3359
8479
19745
10530
19746
3363
17700
25892
19750
17703
17704
19753
25897
17706
10539
17708
17709
19757
19759
17712
19760
10546
8500
19764
17718
19766
19767
24887
15672
19768
24888
3387
17724
19772
16701
19773
24895
25921
3394
17730
24901
24902
3399
18760
17737
19786
3405
15693
16717
17744
17745
24913
18770
17747
15701
17749
10582
24919
17753
24922
10587
16731
17755
16732
17757
17759
3425
10593
17761
10596
15717
25958
15720
16744
1385
24937
24938
19819
24941
16750
3439
8559
3440
8560
24944
8561
20849
24945
18802
1395
8563
23925
3446
8566
3447
24952
24953
20859
24959
24960
23938
3460
1413
16774
24966
3464
16776
24969
23948
25997
15758
10640
24976
16785
3474
3475
15764
24980
23960
24984
3481
24985
20890
3483
19868
24988
3486
24990
10658
10660
24996
18856
25000
25001
15786
25002
25003
25004
23981
19886
3507
10675
16819
25011
3508
15796
25014
1465
3513
25018
3515
15803
15804
16829
16831
24001
18887
20936
3531
25038
8658
10707
15831
24024
25048
25049
10719
10720
15842
10725
25061
1510
1511
10732
24046
15860
8693
25078
8696
25080
20986
10748
20988
10755
10761
10763
1549
10765
25101
10767
15891
10775
19991
24088
24090
25115
24092
25116
24093
15902
25118
25119
25121
24100
20005
1576
17961
17962
17963
17964
25132
10797
25133
17966
25134
24113
10802
21043
25141
10806
17974
25142
17975
20023
17977
25145
17978
10811
24125
17983
17985
24131
10820
16964
17991
20039
20040
1609
20041
10828
24141
25168
25169
10834
10835
14931
18006
10839
18007
1625
18009
25177
14938
20059
10844
24156
20061
18014
20065
24161
25189
25191
25192
10857
18025
18027
25195
18031
18032
18033
1650
18035
1652
18036
1653
10870
18040
20090
1660
10877
18045
10878
18049
10883
10884
21124
18053
20101
25221
18054
18055
18056
18058
21130
25226
18060
21132
18061
18062
18063
14992
18067
17047
18071
20119
15000
18073
18074
21146
15006
18080
15010
18086
1708
18097
20146
15027
18104
18106
25274
18111
18118
25286
18119
22215
18122
18126
18130
18133
22234
15069
18142
20195
18154
18155
25326
24303
25327
18160
18162
24306
18164
24310
15095
24311
18168
18170
18173
18175
24320
15108
18180
24324
18181
24325
18182
18184
24329
18187
24331
25355
18188
24335
18193
24337
20242
18200
18202
24346
24347
18204
18206
22302
18207
18208
18210
20258
18212
18214
24358
25384
17193
18218
20266
25386
24363
25387
18221
18223
22319
24369
22322
18227
18232
17209
18234
18235
22334
25406
18239
25407
20289
24386
18244
18246
25415
18248
18249
18250
20298
25418
18251
18252
25420
18253
25422
25423
18257
24401
18258
25426
18260
25429
18265
24411
18268
24413
18273
22369
25441
24419
25443
24422
18280
18281
24425
22378
24426
25451
20332
18286
18287
24431
18288
18289
18290
25458
18291
22388
18293
18294
25462
24443
24446
18303
18305
24450
24451
18309
25477
16262
18310
25479
16267
16268
20364
16270
20367
18320
16274
18323
16277
16278
18326
24470
18327
24471
16280
24474
18331
18332
18333
25502
12192
20386
18339
18341
24485
18342
18343
18344
20392
20393
18347
24491
18348
18354
18355
18359
16315
24511
16320
18368
24514
20421
20422
16328
24522
18379
16332
18382
17360
24528
20433
24531
18389
24533
18396
24543
18400
24544
16353
18404
20455
16360
12272
24561
16370
24564
24565
16375
20473
16377
24571
24572
8189
