24320
20481
24324
24069
24325
10763
10513
19731
24339
25363
24597
3095
8471
3096
19482
24347
15902
19999
17698
24610
24612
25380
10535
18220
18221
24626
3126
3382
24374
18232
16456
17992
1097
3145
16459
18001
18004
15701
16469
18265
16731
24411
24667
16732
18015
18271
20065
22369
18277
24677
19559
3176
3177
24426
25195
20332
1134
10862
18287
24431
8560
18032
3446
10615
23928
24953
24443
1663
24452
18309
3462
16774
3464
18317
18324
18070
24471
15770
3485
3486
16802
18083
24484
24485
20146
3507
16820
3513
3517
16831
18111
24511
11456
24514
3267
10707
17621
18389
25048
8665
18139
18140
18144
3297
17638
1255
17642
18155
17649
8692
24309
1526
17654
25080
15097
15101
