20481
24578
19459
16389
24581
16391
16392
16395
24588
19470
19471
16403
16405
3095
3096
16408
19482
3100
16412
3101
31775
3104
19489
20513
24610
16426
16431
19504
24626
16436
3126
19512
16442
24635
19517
1088
20546
1092
16456
1097
3145
1098
16458
16459
3148
16462
20563
16469
16471
16472
19546
1118
16478
1125
19559
16488
19560
3177
1134
19567
3190
19575
11389
19581
11390
3199
19584
3203
11396
20615
19597
19598
19599
20627
3222
19606
11419
1182
3230
15520
19617
3236
15525
19626
15533
19630
15538
19634
1205
3256
15548
3261
19647
3267
25796
19659
20684
25804
25806
20689
15570
17619
20691
17622
20697
17628
19676
3297
10467
10468
15588
17638
10471
17639
19688
17642
3307
3308
17647
17648
17649
17651
17654
3319
17655
19706
15611
15612
10493
17662
25854
15615
17663
3331
17678
17681
3347
15635
19731
3350
8473
19738
25882
17694
3359
3363
17700
25892
10535
25897
17709
10542
3375
17712
10546
15672
3387
15675
17724
16701
19773
25921
17730
3399
3405
15693
16717
1359
17744
17745
17746
17747
19796
10582
15703
17752
10587
15707
17755
16732
17759
3425
10593
15717
25958
15720
1385
24938
24941
3438
3439
17775
3440
8560
1395
8563
17779
3446
3447
10615
23928
3449
24953
20859
19836
23932
10621
8576
24960
3460
1413
3461
3462
24966
19847
3464
10632
16776
15754
24970
23948
25997
15758
24974
19855
16784
19857
3474
3475
15764
15767
3481
20890
3483
15772
24988
3486
16802
19875
25003
3501
19886
3505
15793
3507
10675
16819
3508
25012
1465
3513
25018
3515
15803
23995
3517
16829
20926
16831
3527
3531
8652
8658
10707
15831
24024
10719
10720
10725
1510
1512
10732
10736
8692
15860
15864
25080
20986
20997
24069
25101
10767
24079
19984
15891
19987
10775
19991
24090
25115
24092
25116
15902
19999
1568
24096
20001
25121
16933
20005
17964
17967
25136
25140
25142
20023
17977
25145
17978
10811
25154
10820
20040
1609
20041
20043
25168
25169
10835
14931
18004
10839
18007
20055
25177
14938
10844
18014
20065
25189
25191
25192
18027
20077
18032
18033
25201
18035
18036
18040
20090
18045
10878
18055
18056
25226
21132
18061
25229
14992
25232
18071
20119
21146
20123
15010
20131
20132
20146
15027
25267
18104
25274
18111
25285
18118
25286
18133
18142
20190
20197
18154
18155
25326
25327
24309
15095
18168
18173
24321
25345
15106
24322
15108
18180
24324
18181
24325
18182
18184
25354
25355
20236
24334
24335
24336
20242
25363
18200
18202
24347
18204
18206
18207
18208
18210
20258
24354
18212
18214
24358
18218
25386
18221
18223
18227
24374
18232
18233
18234
18235
18239
18244
18246
25415
18248
18249
25417
18250
20298
18251
20299
25419
18252
25420
18253
25423
18257
18258
25426
18265
24411
18268
24413
18271
18273
18277
18280
24425
25451
20332
18287
24431
18288
18289
18290
18293
20346
18303
25475
24452
18309
25477
18310
25479
20364
18320
18323
20371
18324
18326
18327
16280
16282
16283
18332
12189
18333
12192
18339
24484
18341
18343
20392
20393
24491
18348
18354
20405
18359
20409
16315
18365
18368
18370
24514
18374
24520
24522
16331
18382
16336
17360
20433
18396
18400
18404
16360
16362
24556
12274
24565
16377
20473
