24578
19459
24069
19464
24585
10763
1549
19470
24079
19984
16403
24597
24088
24601
24603
25115
31771
3100
16412
25116
25118
19999
24607
25119
3104
20513
24610
20515
24100
1576
25132
20525
25134
25136
24626
19507
20533
1079
1080
24635
16447
17983
1088
20546
1603
16964
24646
20039
1097
3145
20041
24649
10835
18003
18007
25177
19546
20061
1118
16478
18528
20065
18020
24677
19559
25191
19560
3177
20077
19570
18036
19573
3190
18040
1660
18045
19581
11390
25216
10883
18051
20101
25221
10886
1164
1165
25229
19598
19599
14992
19600
25233
19604
19605
3222
18071
20631
19609
3230
15010
15533
25267
1205
19638
18104
20665
25791
25793
20684
17618
17619
20694
17626
17628
17629
25310
10468
15588
17642
3308
10476
17648
17649
17651
17654
17655
10489
15097
21243
15612
19708
10493
25853
17662
17663
19711
17664
24320
25345
17666
24324
18181
25861
18184
19721
24329
25354
24331
17676
24335
17680
24337
3346
3347
24339
25363
3350
8473
3354
24346
24347
25883
18204
25885
3358
22302
3359
8479
3363
17700
25892
18214
3367
10535
17703
10539
10541
3375
19759
10546
22322
18232
3387
19772
16701
19773
19774
25407
25921
3394
17730
17737
19786
25419
16717
18253
17744
17745
24401
20306
25426
24915
25429
10582
24919
10585
17753
24411
16732
17759
18271
25443
15717
18277
1385
16750
3439
18287
24431
3440
8560
18288
24944
25458
3445
18293
23925
25462
3449
20859
10621
24959
24450
20355
16260
24452
1413
18309
16774
10632
16776
24969
24970
16267
23948
25997
24976
3474
16274
16277
18331
3485
3486
20386
24484
25002
25003
25004
19886
3507
10675
25011
18359
1465
3513
25018
16831
24001
24514
10692
18887
20936
24520
16331
25038
24528
8658
24531
25048
18396
10719
18400
15842
18404
1510
1511
19947
24556
10736
24561
24563
24565
16375
20986
24571
10748
8189
24575
