24960
18051
25475
3460
1413
24966
19847
16776
19848
18187
24331
25355
24588
24079
24976
24337
18067
25363
20628
24980
17047
20631
18200
8473
24090
24092
24988
3104
24097
18210
10660
17700
20644
18214
10539
23981
17712
24369
20146
3507
17718
25142
17975
24635
18110
18239
24511
20546
18887
20679
16456
1097
17737
18252
25420
16717
17744
17745
24018
10707
17747
24533
17622
20694
25048
25177
17626
24411
10844
16732
20061
24413
1118
18015
10725
18277
1127
17642
18282
18155
24303
12272
17648
20849
24561
12274
3189
25080
24953
24443
1660
24572
17662
