17666
24578
10755
19459
20997
16392
19464
24328
24585
10763
24331
25355
19469
17678
19727
24079
17681
8471
10775
24601
25883
25116
31775
8226
18212
25892
17703
16426
20266
17964
18220
25133
16431
19759
17712
19504
25140
17209
10811
24635
17983
20546
25154
16456
1097
1098
20043
18252
25420
25177
10587
24411
10588
10844
16732
1117
1118
18271
25189
1127
25451
20332
8559
18287
18288
3189
20599
24953
20859
1660
10878
24446
24959
24960
18305
24450
1413
18309
24966
24969
25226
18061
24976
25232
3474
19602
18067
20628
18326
24474
11419
25250
10660
20644
18343
19623
1708
19886
18354
10675
3517
24511
24514
18887
20683
24014
24528
17618
10707
24531
25812
17625
18649
17628
18396
10720
20450
20707
1511
3307
18155
17648
18162
25080
24572
17662
