24320
17666
24578
19459
20997
25861
19462
19464
24329
10763
24331
17678
19471
24079
24335
19984
17681
24337
24594
15891
24339
8471
10775
3352
24088
8473
24601
25115
25883
3100
25116
24605
8479
3104
20513
24610
25122
17703
16426
20266
25386
17964
19757
25133
25134
16431
19759
24113
24369
21043
25140
3126
20022
1079
20023
24887
19768
24888
16442
24635
24125
25406
17983
24127
1088
17730
18244
24644
18246
16456
17737
18249
25417
1098
18250
19786
15692
25420
18253
25168
24401
10834
16469
25429
10839
18007
20055
24919
17753
17755
20059
10844
24156
17757
16478
10593
24161
1127
18280
18025
18026
24941
3439
18288
1650
18802
3190
25462
23928
24953
20090
20859
3452
23933
24446
24450
25475
16774
18310
24966
24967
25479
18057
24969
24970
25226
1165
16784
25233
18067
19603
24980
18070
18326
24470
16280
24985
3486
20386
18083
19875
20644
24484
15525
18344
18856
1708
18348
25004
19630
19632
10675
16819
25011
25012
25018
18107
3517
20669
16831
16320
18114
24514
25796
20683
3279
24528
17618
18642
17619
24531
25812
25048
17625
18139
20450
1255
25326
20976
10737
17649
24306
17651
8692
25077
17654
19708
24572
24062
17663
