12291
10758
19464
10761
24588
10767
24079
15891
19987
20500
24597
24598
3095
25112
15898
19482
3099
25116
24605
15902
1568
3104
25121
17963
25132
3119
16431
19504
24112
19505
10802
1075
1076
16436
25141
3126
17974
25142
17975
24119
17977
16442
24635
17983
16448
25154
1093
20549
1096
1097
24137
24649
16459
10828
16462
18001
25169
19541
18007
16472
1625
18009
25177
10844
1118
18014
3171
18019
25189
20072
18027
19563
25195
1134
19567
18032
25200
18033
25201
18035
18036
18040
18042
18045
10878
1663
20096
18049
18051
10884
18053
25221
18054
18055
20615
18056
18060
18061
25231
25232
3223
18071
20119
20631
18073
18074
18077
15520
20131
3236
20132
20644
15525
18086
20138
20650
19628
15533
19634
1205
18104
18105
15548
18108
18111
3267
18116
18117
18118
25286
20684
25804
18126
25806
20687
20177
17618
18130
20690
17619
17621
18133
17622
20694
25302
17625
17626
17627
17628
18142
25313
20706
10471
18154
18155
18157
25327
17648
17651
18164
24309
17654
3319
17655
24311
18170
15611
17662
15615
24322
18180
18181
24325
18182
18185
22281
24329
24331
25355
17676
24334
10513
18193
24337
25363
8471
8473
25885
17698
20258
17700
25892
10539
18220
18221
10542
19759
24369
24371
17718
15672
24888
15676
16701
24894
25406
18239
24895
18241
17730
24386
18246
18760
24905
20299
25420
15693
16717
17744
17745
17746
18259
15701
10587
15707
24411
10588
16732
24413
18271
24927
3425
16744
18281
17770
24426
24938
3438
8559
18288
24432
20849
25462
3447
10615
24953
20346
20859
24443
18303
24959
24960
18305
10627
25475
24452
1413
25477
3462
16262
16774
24966
3464
24969
3467
25997
15758
20367
24980
24471
24472
24984
15770
16282
20890
3483
16283
18331
20891
3486
10658
10660
24484
18343
18347
23981
3505
15793
18354
3507
16819
16820
18359
1465
3515
15803
16315
3517
16831
24511
1475
3527
18887
24008
16331
25038
24528
20433
12242
10707
24533
15831
24024
25048
16345
25054
24544
16353
10725
25061
1510
1512
12274
1524
8692
1526
25080
16377
10748
20988
