24320
17666
19459
20997
24069
19462
19464
24329
10763
24331
10765
17678
19471
19727
24079
24336
17681
24337
8471
10775
24088
8473
24601
24093
24605
3359
3104
20515
18212
25892
10535
17703
16426
20266
25386
18220
25133
25134
16431
10802
3126
24374
25142
19512
24888
10811
24635
1088
25921
17730
25154
18244
16456
19528
1609
17737
18249
1098
18250
18252
25420
18253
25168
24401
18007
10585
17753
10587
16731
10844
16732
17757
1118
16478
18527
24161
19554
10596
25958
1127
25191
20332
18287
3440
23921
8563
1653
24953
20859
3452
19836
24446
24959
24450
24451
25475
16774
18310
24966
18311
16776
24969
24970
25226
20364
18061
25232
3474
20628
24980
18326
3481
24990
20386
10660
20644
24484
18348
19886
10675
25011
3517
20672
24514
25796
18887
16331
20683
20684
24528
17618
24531
25812
25048
17625
18649
18396
25822
20450
20706
10725
1255
1511
3307
3308
24556
17648
17649
17651
8692
25078
25080
24572
17662
