19715
10763
18187
24331
25355
24588
10767
24079
24337
25363
8471
8473
24347
3359
8226
18210
24610
25892
25386
10539
17709
17712
24369
25142
1079
24635
18239
20546
16456
1097
19786
20299
18252
25420
25177
16731
24411
16732
24413
1118
18271
19553
18277
25189
1127
3439
17775
18287
20849
3189
25462
24953
20859
1660
23932
24446
3199
24960
18051
3460
1413
18309
25221
24966
25479
16776
25226
24976
3474
19602
3219
18067
20628
20631
24990
12192
15520
25505
10660
23981
19886
3504
20146
3507
25011
15548
20669
24511
18887
16331
17622
17626
17627
18140
18396
17629
20449
20706
20707
1255
17642
18155
12272
17648
24561
18162
3319
25080
10748
17662
17663
