10753
20481
24578
19459
24581
10758
19464
24585
19466
10763
19470
24079
19984
24088
24601
25115
3100
25116
25118
3104
20513
8226
24610
20515
1576
16426
19501
25134
16431
25136
10802
19509
3126
1079
20023
1080
24635
24125
17983
1088
1089
25154
1092
24644
20039
20041
1098
18007
10844
16477
20061
18014
18527
18528
1125
24677
20077
1650
18036
3190
25216
18051
25221
10886
25226
1165
18061
18062
19598
25233
18067
19604
20631
20634
3230
15006
18080
15010
18083
20644
15525
1708
15533
19630
18097
1205
25274
18107
20669
20677
20683
20684
17618
17619
25812
18134
20697
17626
20706
1255
17648
17651
17654
18168
18169
19706
19708
17663
24320
24321
17666
25861
25354
24331
17676
17678
10511
24335
17680
17681
24337
3346
24339
25363
8471
8473
24347
25883
25885
3358
8479
18210
3363
17700
25380
25892
10535
17703
25384
25897
25386
18221
3375
24369
18230
24888
17724
16701
19773
16704
18244
18246
18249
25417
18250
19786
25419
18252
16717
18253
17744
24401
25426
17749
25429
10582
24919
17753
16731
17755
16732
18268
17757
18271
10593
19815
1385
24941
3439
18287
24431
8560
18288
24944
8561
10611
22388
20859
19836
23935
18305
23938
24450
25475
20356
1413
18309
16774
25479
16776
24969
16267
23948
3474
3475
16280
18328
3481
24985
18331
3486
20383
20386
19875
25001
16303
10675
16819
25011
1465
25018
18365
16831
16320
10692
18887
20936
24520
24528
24531
25048
19929
10719
1510
24556
10736
20976
24565
25078
20986
