24576
20481
19458
19462
16391
16392
19464
24585
16395
24588
19470
19471
16403
24597
24598
19482
24603
16412
3101
19486
3104
20513
24610
16419
24612
16431
1076
20533
1080
24635
1088
20546
1097
24649
1098
20557
11342
20563
24667
1118
16478
18528
1121
3171
20581
1127
19559
16488
3177
18541
19567
3190
18550
20601
11389
11390
19584
11396
20617
1165
3222
19606
20631
20635
15517
11428
20644
19625
19626
20651
15533
19635
1205
19639
19641
20665
1210
19642
20669
19647
25791
11456
25793
20679
25799
1224
20682
20684
20685
20689
15570
17618
17619
20691
20692
25812
3286
17622
17626
17627
17628
19676
19680
20706
20707
10468
19685
17638
1255
19688
19689
17642
3308
10476
15597
17647
17648
17654
17655
10488
19708
19709
17662
25854
19711
17666
18690
3331
19715
11524
17668
25861
17672
17676
17678
17680
10513
17681
3346
3347
3350
8471
19736
8473
3354
10522
19738
25882
25885
8479
19745
3363
17700
25892
17702
19750
17703
17704
17706
10539
3375
19759
19760
8500
3382
17718
19767
15672
19772
16701
19773
19774
17730
17737
19786
16717
17744
17745
17749
10582
19799
24919
10585
17753
24922
17755
19803
16732
17757
17759
3425
19819
24941
16750
3439
3440
8560
20849
8566
20859
10621
19839
24959
24961
1413
16774
19847
10632
16776
23944
24969
24972
19853
25997
15758
19855
24976
16785
3474
15764
15767
3481
3486
10655
10660
25000
15786
25002
25003
23981
3507
16819
3508
25014
1465
3513
3515
15803
20926
25022
16831
18887
20936
3531
24013
10707
25048
10719
10720
15842
1510
1511
20976
8693
25080
20986
10748
10755
10763
24079
19985
19991
24088
25115
25116
15902
25118
19999
20001
16933
17960
25132
17971
17975
25145
17983
25154
1603
25155
20041
24141
25169
18007
18009
25177
14938
24155
10844
20065
25189
20070
25191
10857
10862
18032
18033
18035
1652
18036
10870
18040
1660
10877
10878
25216
21124
18053
20101
25221
10886
18055
17034
21130
25226
21132
18061
14992
18067
18070
20119
15000
21146
20123
1692
18081
15010
25256
1708
18111
22215
22221
18130
17109
18133
22234
15069
18142
20190
20195
18154
18155
25326
18162
17139
18164
24310
15095
18168
24318
24320
24321
15108
18180
24324
18182
18184
24329
25354
18187
24331
20236
18193
24337
24339
25363
18200
18202
24347
18204
18206
18208
18210
17193
18218
25386
24363
25387
18221
18223
25393
18232
22334
18239
25407
20289
18244
18246
18249
20298
25418
18257
24401
18258
25426
18260
25429
24411
18268
20316
24413
18273
22369
18280
22378
24426
25451
18286
18287
24431
18288
18289
25458
18293
18294
25462
24446
24450
20355
24451
24452
16261
18309
18310
16268
18320
16274
18323
20371
18324
18327
18329
18333
25502
16291
18339
24484
18341
24485
18342
20392
20393
18347
24491
18354
18355
20405
20409
24510
24511
18368
20417
24514
18373
20422
24520
16331
18379
16332
16336
24528
18396
18400
24544
16353
18404
16360
24556
16365
24561
24563
24564
24565
24572
16383
