17666
19715
20997
19462
19464
19469
10767
24079
25363
25878
24601
25116
3101
24605
18210
25892
17706
25386
10539
10797
25133
16431
17712
24369
25142
24888
17978
10811
24635
17983
20546
1097
17737
16458
20299
25420
18253
17747
25177
16731
24411
10844
16732
20061
1118
18271
19553
10596
25189
1127
20332
18287
25458
3189
19575
24953
20859
1660
24450
1413
18309
25221
24966
19847
25479
18059
18061
25232
18067
20628
18326
20631
24474
11419
19868
25505
3501
19886
18354
20146
3507
25011
1205
3517
24511
18887
16331
20684
24528
25812
20694
17625
19930
17628
18396
10720
18144
24035
1255
1511
18155
17648
18162
17662
